tasks
36.77891084235486
90.03019860018104
95.29082159000146
40.24084233259347
63.558699567441955
36.45687379955152
26.100751756979925
22.169654528915515
52.043787248802396
66.97980760245889
4.484057722277024
8.400352217922435
4.656932233698696
85.08586654314175
18.425679313661757
18.565773251446593
25.080117151478465
93.81072528265808
78.49810852002557
87.93289097324524
7.107201109832961
77.71366179788207
35.48163401273674
74.60636337602092
30.898275452832934
47.85742614344508
69.3721923144078
92.11198927479592
50.19248384618803
74.98771904862993
82.35441403517862
10.712861507631121
48.842509219331674
49.812616717860706
9.216729807705503
38.44193075065887
96.8244845229403
33.61063134134126
48.33723900488256
62.31582815599055
20.054971703541568
33.68195936545795
12.366887945182349
4.209911429719215
89.68866879333744
43.075812590202375
47.65367403548903
80.818094554479
26.817068852204105
7.78968908443205
87.7902569453991
6.2077028159570835
37.26621405629446
15.414763460673287
83.8489477163986
63.50249338783115
37.7822158933513
6.51391334423036
93.85549628416899
13.458681378622206
6.479421137697294
1.1094357257215526
66.43704680064238
92.95030779609678
77.7995184465518
52.72191749639591
19.44375714474639
18.93955251911367
19.64682107708019
1.771951496569757
61.543481994333874
95.48375869077509
90.62995123222044
98.53683339101754
13.384706140265157
42.631399669355275
31.469449282917505
88.21789156429638
86.76073682246934
54.35898544594089
76.1412051827045
99.68557456349865
33.65927302836732
81.48145186325249
33.9256791732771
95.34934625533172
41.130693308882805
26.498208373055053
62.63107324404912
26.92872169017617
82.42376627547664
9.403098016117717
77.44833005458213
92.3007293561638
76.37686316586264
75.2819959867374
65.41294785598951
63.9985720230292
57.78697390860026
68.47116415880362
jobs
62.49533853124859
21.048638850868418
84.794291327822
79.94450103559635
35.75937996177455
38.864641146386056
21.092358762503828
54.17239647210962
31.18065488588966
5.813406052881753
88.6752807120794
36.645900600021605
97.8702558398755
59.394412435592656
66.49586475484865
25.056830911373986
96.67219114439003
53.1267325758173
16.577669041484445
60.662972007341786
23.494099501748522
54.82259318589806
98.08743932172122
78.37697066098042
40.22412759988869
24.067253007719202
26.92005688550512
63.72466641423252
96.73740761351873
68.33568469582586
73.13856546799298
89.86000002362167
76.5366282764481
60.43596722096498
79.2231449527953
82.85929393879479
11.384552502952939
93.30675068811158
84.49993964147066
19.88852430126039
33.39995017090157
78.69278210098261
26.124542629904134
77.04302218137369
58.95002994874194
91.4788444510175
27.39571920331807
4.371003533940387
49.30914894336384
61.18035222408727
98.64724894001931
74.61796039903624
69.57146454977037
79.70593439327239
99.62329359295748
26.545037772417
83.57183952958054
79.06583181752237
56.72402801721689
93.70217272904138
9.181711447858397
4.820002718376926
98.47608071040722
34.9581738253821
11.955603816490445
59.34370455027979
14.803822162460168
64.42013535402582
66.26884405696298
86.64734170661667
81.0013976559363
7.539356599247649
48.48020602090782
34.82959607330287
52.45736850987496
91.60782626676254
1.6500415817936154
45.7635610531144
76.41968602349687
5.418399309223942
63.64724427323084
69.34712078305114
64.71421969763354
55.80203440374607
13.925879475522851
27.763667634779278
72.09904508221132
61.54013821853197
31.108133436514805
99.95201775655302
72.9169619208567
62.15327823649759
13.994343897147644
20.176475721138075
48.68043168381063
29.28892756672974
29.95329463352745
1.0827434535807368
16.37580071004573
14.808179138696342
